$ 1 0.000005 10.20027730826997 50 5 43
f 256 128 256 176 53 1.5 0.02
w 272 176 288 176 0
w 288 176 288 336 0
w 240 336 224 336 0
w 272 336 288 336 0
f 256 288 256 336 53 1.5 0.02
207 256 128 256 112 4 !w_sel_m2
207 256 288 256 272 4 !w_sel_l
207 224 176 192 176 4 Vwlm2
207 224 336 192 336 4 Vwll
207 224 448 192 448 4 Gnd
207 256 448 256 432 4 wl_off
w 272 448 288 448 0
w 240 448 224 448 0
w 288 368 288 496 0
f 256 448 256 496 52 1.5 0.02
207 288 176 320 176 4 Vwl
w 240 176 224 176 0
w 576 176 560 176 0
207 624 336 656 336 4 Vbl
f 592 432 592 480 52 1.5 0.02
w 624 384 624 480 0
w 576 480 560 480 0
w 608 480 624 480 0
207 592 432 592 416 4 bl_off
207 560 480 528 480 4 Gnd
207 560 336 528 336 4 Vblw
207 560 176 528 176 4 Vblr
207 592 288 592 272 4 !w_set
207 592 128 592 112 4 !r_en
f 592 288 592 336 53 1.5 0.02
w 608 336 624 336 0
w 576 336 560 336 0
w 624 176 624 336 0
w 608 176 624 176 0
f 592 128 592 176 53 1.5 0.02
w 912 336 896 336 0
w 944 336 960 336 0
f 928 288 928 336 53 1.5 0.02
207 928 288 928 272 4 !w_sel_l
207 896 336 864 336 4 Vblw
207 880 512 848 512 4 Gnd
207 912 464 912 448 4 sl_off
w 928 512 944 512 0
w 896 512 880 512 0
w 944 416 944 464 0
f 912 464 912 512 52 1.5 0.02
207 944 464 976 464 4 Vsl
w 944 464 944 512 0
w 240 16 224 16 0
207 224 16 192 16 4 Vwlm1
207 256 -32 256 -64 4 !w_sel_m1
w 288 16 288 176 0
w 272 16 288 16 0
f 256 -32 256 16 53 1.5 0.02
f 592 224 592 176 52 1.5 0.02
207 592 224 592 240 4 r_en
f 256 64 256 16 52 1.5 0.02
x 379 -37 871 -34 4 15 bl_off\s\q\s(!col_sel)\s\p\s(w_rst)\s\p\s(!active)\s\q\scol_sel\sNAND\s!w_rst\sNAND\sactive
x 380 -104 731 -101 4 15 wl_off\s\q\s(!row_sel)\s\p\s(!active)\s\q\srow_sel\sNAND\sactive
f 256 224 256 176 52 1.5 0.02
207 256 224 256 240 4 w_sel_m2
207 256 64 256 80 4 w_sel_m1
x 379 -71 852 -68 4 15 sl_off\s\q\s(!col_sel)\s\p\s(r_en)\s\p\s(!w_en)\s\q\scol_sel\sNAND\s!r_en\sNAND\sw_en
x 379 -136 680 -133 4 15 active\s\q\sr_en\s\p\sw_en\s\q\s(!r_en)\sNAND\s(!w_en)
151 912 80 992 80 0 2 0 5
207 848 64 832 64 4 r_en
I 848 64 912 64 0 0.5 5
I 848 96 912 96 0 0.5 5
207 848 96 832 96 4 w_en
207 992 80 1024 80 4 active
207 96 464 64 464 4 active
207 96 432 64 432 4 row_sel
151 96 448 176 448 0 2 0 5
w 176 448 256 448 0
151 448 432 592 432 0 3 0 5
207 448 416 416 416 4 col_sel
207 448 448 416 448 4 w_en
207 912 64 912 32 4 !r_en
207 912 96 912 128 4 !w_en
207 448 432 416 432 4 !r_en
207 768 464 736 464 4 w_rst
207 768 480 736 480 4 active
207 768 448 736 448 4 col_sel
151 768 464 912 464 0 3 0 5
