$ 1 0.000005 10.20027730826997 50 5 43
f 256 32 256 80 53 1.5 0.02
w 272 80 288 80 0
w 288 80 288 208 0
w 240 240 224 240 0
w 272 240 288 240 0
f 256 192 256 240 53 1.5 0.02
207 256 32 256 16 4 !w_sel_m2
207 256 192 256 176 4 !w_sel_l
207 224 80 192 80 4 Vwlm2
207 224 240 192 240 4 Vwll
207 224 336 192 336 4 Gnd
207 256 288 256 272 4 wl_off
w 272 336 288 336 0
w 240 336 224 336 0
w 288 208 288 336 0
f 256 288 256 336 52 1.5 0.02
207 288 240 320 240 4 Vwl
w 240 80 224 80 0
w 480 80 464 80 0
207 528 240 560 240 4 Vbl
f 496 288 496 336 52 1.5 0.02
w 528 240 528 336 0
w 480 336 464 336 0
w 512 336 528 336 0
207 496 288 496 272 4 bl_off
207 464 336 432 336 4 Gnd
207 464 240 432 240 4 Vblw
207 464 80 432 80 4 Vblr
207 496 192 496 176 4 !w_set
207 496 32 496 16 4 !r_en
f 496 192 496 240 53 1.5 0.02
w 512 240 528 240 0
w 480 240 464 240 0
w 528 80 528 240 0
w 512 80 528 80 0
f 496 32 496 80 53 1.5 0.02
w 720 240 704 240 0
w 752 240 768 240 0
f 736 192 736 240 53 1.5 0.02
207 736 192 736 176 4 !w_sel_l
207 704 240 672 240 4 Vblw
207 704 336 672 336 4 Gnd
207 736 288 736 272 4 sl_off
w 752 336 768 336 0
w 720 336 704 336 0
w 768 240 768 288 0
f 736 288 736 336 52 1.5 0.02
207 768 288 800 288 4 Vsl
w 768 288 768 336 0
w 240 -80 224 -80 0
207 224 -80 192 -80 4 Vwlm1
207 256 -128 256 -160 4 !w_sel_m1
w 288 -80 288 80 0
w 272 -80 288 -80 0
f 256 -128 256 -80 53 1.5 0.02
f 496 128 496 80 52 1.5 0.02
207 496 128 496 144 4 r_en
f 256 -32 256 -80 52 1.5 0.02
x 363 -41 789 -38 4 24 bl_off\s\q\s(!col_sel)\p(w_rst)\p!(w_en\pr_en)
x 363 -107 714 -104 4 24 wl_off\s\q\s(!row_sel)\p!(w_en\pr_en)
f 256 128 256 80 52 1.5 0.02
207 256 128 256 144 4 w_sel_m2
207 256 -32 256 -16 4 !w_sel_m1
x 363 -75 716 -72 4 24 sl_off\s\q\s(!col_sel)\p(r_en)\p(!w_en)
